% -------------------------------------------------------------------
%  Generated by MATLAB on 17-Mar-2022 13:16:03
%  MATLAB version: 9.8.0.1323502 (R2020a)
% -------------------------------------------------------------------
                                   
% mengambil baris 1 sampai 3 dan kolom ke 3 dan 4
B = ...
  [2 8 1 5 9 0;
   7 6 8 -2 3 4;
   -1 3 2 -4 -1 2;
   7 -3 9 -2 0 7;
   4 5 6 1 -6 2;
   9 -4 8 4 3 9];

ans = ...
  [1 5;
   8 -2;
   2 -4];

