% -------------------------------------------------------------------
%  Generated by MATLAB on 17-Mar-2022 13:09:14
%  MATLAB version: 9.8.0.1323502 (R2020a)
% -------------------------------------------------------------------
                                  
%mencari transpose
B = ...
  [2 8 1 5 9 0;
   7 6 8 -2 3 4;
   -1 3 2 -4 -1 2;
   7 -3 9 -2 0 7;
   4 5 6 1 -6 2;
   9 -4 8 4 3 9];

ans = ...
  [2 7 -1 7 4 9;
   8 6 3 -3 5 -4;
   1 8 2 9 6 8;
   5 -2 -4 -2 1 4;
   9 3 -1 0 -6 3;
   0 4 2 7 2 9];

