% -------------------------------------------------------------------
%  Generated by MATLAB on 17-Mar-2022 13:05:23
%  MATLAB version: 9.8.0.1323502 (R2020a)
% -------------------------------------------------------------------
                                 
%soal 1 A Mencari Inverse
A = ...
  [3 5 0;
   2 4 -3;
   10 15 20];

ans = ...
  [4.999999999999992 -3.9999999999999938 -0.599999999999999;
   -2.7999999999999954 2.3999999999999964 0.35999999999999943;
   -0.39999999999999925 0.1999999999999994 0.0799999999999999];

